# Choregraphe simplified export in Python.
from naoqi import ALProxy
names = list()
times = list()
keys = list()

names.append("HeadPitch")
times.append([ 0.40000])
keys.append([ -0.15037])

names.append("HeadYaw")
times.append([ 0.40000])
keys.append([ -0.01231])

names.append("LAnklePitch")
times.append([ 0.40000])
keys.append([ 0.08586])

names.append("LAnkleRoll")
times.append([ 0.40000])
keys.append([ -0.13035])

names.append("LElbowRoll")
times.append([ 0.40000, 1.00000, 1.60000, 2.20000, 2.76000, 3.36000, 3.96000, 4.72000, 5.40000, 5.92000, 6.44000, 7.32000, 8.40000, 9.20000, 10.00000])
keys.append([ -0.38806, -0.05978, -0.05672, -0.15949, -0.14876, -1.54462, -1.54462, -1.47873, -1.54462, -1.08910, -1.02620, -0.69793, -1.53856, -0.03491, -1.02620])

names.append("LElbowYaw")
times.append([ 0.40000, 1.00000, 1.60000, 2.20000, 2.76000, 3.36000, 3.96000, 4.72000, 5.40000, 5.92000, 6.44000, 7.32000, 8.40000, 9.20000, 10.00000])
keys.append([ -1.18582, 0.09353, 0.09507, -2.08567, -2.08567, -0.23935, -0.27156, -0.00311, -0.85448, -0.14884, -0.13810, -1.50029, -1.35917, -1.74727, -1.32849])

names.append("LHand")
times.append([ 0.40000, 1.00000, 1.60000, 2.20000, 2.76000, 3.36000, 3.96000, 4.72000, 5.40000, 5.92000, 6.44000, 7.32000, 8.40000, 9.20000, 10.00000])
keys.append([ 0.00519, 0.00519, 0.00519, 0.00519, 0.00519, 0.00519, 0.00519, 0.00519, 0.00519, 0.00519, 0.00519, 0.00519, 0.00519, 0.00519, 0.00519])

names.append("LHipPitch")
times.append([ 0.40000])
keys.append([ 0.13197])

names.append("LHipRoll")
times.append([ 0.40000])
keys.append([ 0.10129])

names.append("LHipYawPitch")
times.append([ 0.40000])
keys.append([ -0.17023])

names.append("LKneePitch")
times.append([ 0.40000])
keys.append([ -0.09055])

names.append("LShoulderPitch")
times.append([ 0.40000, 1.00000, 1.60000, 2.20000, 2.76000, 3.36000, 3.96000, 4.72000, 5.40000, 5.92000, 6.44000, 7.32000, 8.40000, 9.20000, 10.00000])
keys.append([ 1.51708, -0.07367, -0.11816, -0.06294, -0.09668, 0.07666, 0.10734, 0.35431, -0.84681, 2.02331, 2.02177, 0.25920, 1.83923, -0.12276, 1.46186])

names.append("LShoulderRoll")
times.append([ 0.40000, 1.00000, 1.60000, 2.20000, 2.76000, 3.36000, 3.96000, 4.72000, 5.40000, 5.92000, 6.44000, 7.32000, 8.40000, 9.20000, 10.00000])
keys.append([ 0.10427, -0.06754, -0.10742, -0.14424, -0.14577, -0.31416, -0.31416, -0.24395, 0.25920, 0.40800, 0.37886, -0.25008, 0.06285, -0.29764, -0.23474])

names.append("LWristYaw")
times.append([ 0.40000, 1.00000, 1.60000, 2.20000, 2.76000, 3.36000, 3.96000, 4.72000, 5.40000, 5.92000, 6.44000, 7.32000, 8.40000, 9.20000, 10.00000])
keys.append([ 0.07052, 0.07052, 0.07206, -0.79772, -0.79772, -0.83300, -0.85908, -0.85908, -0.87442, -1.81476, -1.81322, -1.03549, -0.88823, -0.88516, -0.88516])

names.append("RAnklePitch")
times.append([ 0.40000])
keys.append([ 0.09055])

names.append("RAnkleRoll")
times.append([ 0.40000])
keys.append([ 0.13043])

names.append("RElbowRoll")
times.append([ 0.40000, 1.00000, 1.60000, 2.20000, 2.76000, 3.36000, 3.96000, 4.72000, 5.40000, 5.92000, 6.44000, 7.32000, 8.40000, 9.20000, 10.00000])
keys.append([ 0.38201, 0.04299, 0.04299, 0.04299, 0.06907, 0.03491, 1.08918, 1.54462, 1.54462, 1.54462, 1.06310, 0.65659, 1.50490, 0.03491, 1.33769])

names.append("RElbowYaw")
times.append([ 0.40000, 1.00000, 1.60000, 2.20000, 2.76000, 3.36000, 3.96000, 4.72000, 5.40000, 5.92000, 6.44000, 7.32000, 8.40000, 9.20000, 10.00000])
keys.append([ 1.17347, 0.61969, -0.19333, -0.17032, 2.08567, 1.71650, 0.86974, 1.12285, 1.13052, 1.07989, 0.31136, 1.28852, 1.21795, 1.40357, 1.27164])

names.append("RHand")
times.append([ 0.40000, 1.00000, 1.60000, 2.20000, 2.76000, 3.36000, 3.96000, 4.72000, 5.40000, 5.92000, 6.44000, 7.32000, 8.40000, 9.20000, 10.00000])
keys.append([ 0.00540, 0.00540, 0.00540, 0.00540, 0.00540, 0.00540, 0.00540, 0.00540, 0.00540, 0.00540, 0.00540, 0.00540, 0.00540, 0.00540, 0.00540])

names.append("RHipPitch")
times.append([ 0.40000])
keys.append([ 0.12881])

names.append("RHipRoll")
times.append([ 0.40000])
keys.append([ -0.10120])

names.append("RHipYawPitch")
times.append([ 0.40000])
keys.append([ -0.17023])

names.append("RKneePitch")
times.append([ 0.40000])
keys.append([ -0.08893])

names.append("RShoulderPitch")
times.append([ 0.40000, 1.00000, 1.60000, 2.20000, 2.76000, 3.36000, 3.96000, 4.72000, 5.40000, 5.92000, 6.44000, 7.32000, 8.40000, 9.20000, 10.00000])
keys.append([ 1.52484, 1.38371, 0.01078, -0.02143, -0.12421, -0.10427, 0.26082, -0.63810, -0.67338, -0.59822, 2.08567, 0.33139, 1.84544, -0.02604, 1.64602])

names.append("RShoulderRoll")
times.append([ 0.40000, 1.00000, 1.60000, 2.20000, 2.76000, 3.36000, 3.96000, 4.72000, 5.40000, 5.92000, 6.44000, 7.32000, 8.40000, 9.20000, 10.00000])
keys.append([ -0.11049, 0.01530, 0.20858, 0.16410, 0.18711, 0.30216, 0.31416, 0.00916, -0.06294, 0.06439, -0.40809, 0.25307, -0.30531, 0.24693, -0.05066])

names.append("RWristYaw")
times.append([ 0.40000, 1.00000, 1.60000, 2.20000, 2.76000, 3.36000, 3.96000, 4.72000, 5.40000, 5.92000, 6.44000, 7.32000, 8.40000, 9.20000, 10.00000])
keys.append([ 0.13648, 0.13035, 0.13188, 0.13188, 1.22409, 1.14125, 0.76082, 0.58441, 0.58441, 0.41567, 1.69503, 1.67815, 1.67662, 1.67815, 1.65054])

try:
  # uncomment the following line and modify the IP if you use this script outside Choregraphe.
  # motion = ALProxy("ALMotion", IP, 9559)
  motion = ALProxy("ALMotion")
  motion.angleInterpolation(names, keys, times, True);
except BaseException, err:
  print err
